enable = [false, true, true, true, false, true, true, true, false, true, true, true, false, true, true, true, false, true, true, true, false, true, true, true, false, true, true, true, false, true, true, true, false, true, true, true, false, true, true, true]
values = [0.0, 0.0, 1.0, -1.0, 2.0, -2.0, 3.0, -3.0, 4.0, -4.0, 5.0, -5.0, 4.0, -4.0, 3.0000000000000004, -3.0000000000000004, 1.9999999999999996, -1.9999999999999996, 0.9999999999999998, -0.9999999999999998, 0.0, 0.0, -1.0000000000000009, 1.0000000000000009, -1.9999999999999996, 1.9999999999999996, -3.0000000000000004, 3.0000000000000004, -3.999999999999999, 3.999999999999999, -5.0, 5.0, -3.999999999999999, 3.999999999999999, -3.0000000000000004, 3.0000000000000004, -1.9999999999999996, 1.9999999999999996, -1.0000000000000009, 1.0000000000000009]
numPatches = 20
numPeriodsPerPatch = 4
